2093465760504902022
2093465478123467001
2093465372896686490
2093464425281782174
2093463652808466621
2093462935586640073
2093461214823129595
2093460892335645115
2093457420785795245
2093455818213507281
2093453979963310398
2093452211221065872
2093451009460765035
2093438262446539236
2093437638443245956
2093436299910816191
2093435689148858463
2093434980999291001
2093434441943117952
2093433008057430218
2093432463368315122
2093431104711565575
2093430621351649499
2093430044815143274
2093429923662770563
2093429546347319722
2093429153529724959
2093428457011073035
2093428164693229854
2093427669757047223
2093424875109040233
2093423811399963106
2093423082220241062
2093422559886705005
2093422197234647489
2093421837300511034
2093421245270241382
2093420074379997653
2093419546199675266
2093416460265595282
2093416189187719260
2093415430916362420
2093414735685341494
2093414439429067043
2093413983252303977
2093413547862622360
2093410938791551000
2093410141169180873
2093408777563222402
2093408448369090878
2093407811774398591
2093407393426100256
2093406957814026386
2093406567307554895
2093405392915079205
2093404933701673058
2093404238768443544
2093403976628584663
2093403247960596493
2093402454326968593
2093399835864916315
2093396809473229103
2093395829448905198
2093395660733112366
2093390771499991136
2093390238722707968
2093389933029290398
2093389552186479018
2093388570778038378
2093387923655721441
2093387206597468167
2093386843035255061
2093386514508005482
2093385352715088256
2093385036133285890
2093384602316365910
2093384010646823296
2093383800273211463
2093382783838159338
2093382369608708484
2093381801167175776
2093380946238099942
2093380496273113587
2093380145616748765
2093378477676224627
2093377648919490757
2093324948072739251
2093324177432261115
2093323465445003303
2093322632917602518
2093318950239023370
2093318408016138622
2093317816896082279
2093317457431630302
2093317175591227675
2093317062143652264
2093315442790093081
2093315141106282949
2093314648481104190
2093314089707516185
2093313553939701965
2093313138003267650
2093303323738714535
2093303020788359373
2093302576586391558
2093301525078520312
2093301091441971336
2093300694727967210
2093300107273744479
2093299645019459668
2093299068600558016
2093294628288049487
2093293988715311254
2093293379241021780
2093292692616642814
2093292403528458452
2093291172374487369
2093290299250413716
2093090359844782244
2093089463001903167
2093089102253920637
2093088268069855729
2093086696665489582
2093086010376683855
2093084683877728707
2093083795154993196
2093083498147987733
2093081677736128781
2093071950914392562
2093066753639067774
2093056640564056484
2093054567147589951
2093054296497520684
2093053419703456001
2093052944476254402
2093052141363441798
2093051720121061422
2093051081089544496
2093050566586835353
2093049387857367516
2093049002673517014
2093048672099438602
2093042041554919648
2093037853903073299
2093030176086962653
2093029715279745404
2093013267358626069
2093012641308401914
2092957596831400287
2092956982592323785
2092955128575782976
2092954761171525773
2092952740825633204
2092952282270715948
2092951653628395938
2092947556816884141
2092946385968488778
2092946117650452859
2092944028559970656
2092943654168023544
2092942819090383275
2092942623669453150
2092942325810921838
2092942020885053766
2092941204950229125
2092940491914416164
2092938210905072074
2092937404978016307
2092930067521327358
2092929738536853629
2092929246079418626
2092928432342450242
2092926656994230578
2092925314766655520
2092923443662483607
2092922663895220525
2092920964925329880
2092918937730093519