2097639873687572585
2097640366543433874
2097641718996689196
2097641901117550904
2097642291250844007
2097642802704249277
2097643403546628323
2097643844682596608
2097644796298833947
2097645107000299534
2097646196604969312
2097646701305622798
2097652454162661779
2097653756301074560
2097655953231339702
2097670581810303220
2097671232560726060
2097672137477648678
2097672600398839880
2097673112061890889
2097674126370484705
2097683301397881333
2097685072589504649
2097685591420702901
2097685895969177681
2097695864214999310
2097698214010872266
2097698490117755383
2097699900142014569
2097700481531347057
2097701093417390298
2097701393159037109
2097704483547439574
2097704734329057433
2097705325059101038
2097709149568000445
2097722763989451162
2097723366828339265
2097723766868427183
2097724727338893692
2097725039722254582
2097725511573078174
2097726207714287959
2097726495871402044
2097727331817181641
2097728251007234215
2097736424699146400
2097742931528487423
2097743254804463915
2097757395522859264
2097758165601255870
2097758663343522194
2097759494755295299
2097760829043027995
2097761328312021158
2097761719745392847
2097762138999648426
2097762676738826635
2097763118558441823
2097763562722599142
2097763875798106456
2097764775472030074
2097765737020403718
2097766269508260317
2097767149968244896
2097768370347360256
2097771106530726377
2097772291052523675
2097773742726234148
2097774081508520379
2097786956906160376
2097787954961801625
2097788501714502106
2097788986567565317
2097790805662400891
2097791178208927822
2097791628865912979
2097792268778271005
2097793221191438564
2097793694690673133
2097794734819282980
2097795238391689677
2097795566340067400
2097796560230678572
2097797970729050359
2097798434648437156
2097799430430654646
2097799888851419566
2097801252264403022
2097801818596106266
2097802334482858242
2097802900328140914
2097803329489305673
2097803984148873585
2097804451608203598
2097804622056267936
2097805098483077413
2097805827881029818
2097806586013999426
2097807262840434994
2097808068935389562
2097809264655937725
2097809802780918128
2097810045979271230
2097812265336529089
2097812932813844740
2097814557183946814
2097815369696035022
2097815787075403951
2097816339016483229
2097816982208839693
2097817236492718099
2097817771950170231
2097818765329141910
2097819220541157855
2097819632400777561
2097820075398971506
2097820506330214556
2097821148486512730
2097821919974412782
2097822481037811920
2097823318514516309
2097824526855725328
2097825177362936049
2097975992312647807
2097977258837258466
2097978145395601487
2097978480017252540
2097979198736322595
2097979825407291824
2097980516599283861
2097980800289452238
2097981250438824122
2097981883963301933
2097983222999064775
2097983760834699454
2097984245767500255
2097985105029398848
2097985797559361860
2097988537232523497
2097989104143077719
2097989802637267155
2097991060374855727
2097991679428960594
2097992752306720909
2097993268751425731
2097995255660294224
2097995524812980447
2097995783505084787
2097998496242495977
2097998877500621098
2097999202898911664
2097999675995435226
2098001100234260877
2098001427922637060
2098001810019541312
2098003597975863396
2098004071256875205
2098005087226331628
2098016136663085342
2098016668463047158
2098017076963086632
2098017907288477842
2098018218757574975
2098018716529185249
2098021106170896764
2098021414376710305
2098024178934775951
2098024232177357138
2098024526881624317
2098025182015152445
2098025546563121249
2098025783134400859
2098026008771203472
2098026289466671214
2098027442237534499
2098028230359867691
2098030407090315612
2098031244223053879
2098033509919060141
2098034423241330805
2098039769703854530
2098042617082638612
2098043183020065158
2098043602530173257
2098044941683347871
2098045970990653792
2098046412336316740
2098047169534017647
2098047959862554664
2098048827680866538
2098049339398537231
2098050056515412429
2098052118934401096
2098052407364059629
2098054219848724562
2098054733646749988
2098055102980366461
2098056140382695454
2098057337093161461
2098057905329099181
2098059350317080999
2098059829998706738
2098060961017897319
2098062056876380533
2098062191492579380
2098065866147446974
2098066579476840719
2098067446213075194
2098068947660578887
2098069325491961857
2098070069188133345
2098070971194245545
2098071463949451663
2098071946634101071
2098072707526963321
2098073956037144947
2098074711221588235
2098075985027445049
2098076824798400713
2098079683032076334
2098079921994146124
2098091255225786490
2098119792204943372
2098120274499547573
2098120922616168526
2098123249901355304
2098124150569160823
2098124808156336621
2098125743653786067
2098126577401737350
2098126986753286445
2098127497447592267
2098127959798194276
2098138629063229864
2098139127161991178
2098139424018083916
2098142317500588220
2098142833441919255
2098144664775725272
2098144946561732780
2098146856500945171
2098147127096459484
2098147725195841577
2098150302280982966
2098151018827518281
2098151569589965211
2098152035535249607
2098152775024521453
2098153709855547718
2098154139549098460
2098154824835481974
2098155390496088106
2098155864444039557
2098156528104513617
2098157095547764829
2098157428646858801
2098158894740631883
2098159724822716678
2098160102612025690
2098160640808325369
2098161311817302134
2098162442756923890
2098163759592182148
2098164309033427085
2098164946643173469
2098165918106857864
2098166654093902088
2098167092126064872
2098167189563908171
2098167963924787617
2098168504553791836
2098172190977904761
2098174609203798170
2098175829859504448
2098197236479902207
2098206423662342411
2098206977235071405
2098207397546189225
2098363329215439232
2098363703737356428
2098364201878069689
2098365236168253516
2098365831625277729
2098366269028184468
2098366774756384834
2098367571984544063
2098368308068114433
2098368727553040428
2098368965999259856
2098369406669615395
2098369748547342733
2098370224881860874
2098372305558597686
2098372895164568057
2098373306063696365
2098373744662114474
2098373956730298487
2098375643884859779
2098376714690711589
2098377840055951464
2098378202645221763
2098379117162860965
2098380052782027262
2098395221302087809
2098395942042874044
2098397283649761372
2098397572087841194
2098399671005721003
2098400487632458037
2098400921621352561
2098401822406791213
2098406067591847975
2098407025004708054
2098408730358321317
2098409273432703235
2098409861750878313
2098411189940215991
2098413171752980634
2098414005396083111
2098414376050884636
2098415600770912401
2098416622398509402
2098417367780876740
2098417773239992794
2098419039177433458
2098419795322388745
2098420544903274520
2098423848790028400
2098424444557361517
2098425123338404270
2098425469632749934
2098425754472128554
2098427766882308242
2098428276653912574
2098428759615385855
2098432835132457052
2098437683575955734
2098452227983647228
2098452864293028265
2098453737849143752
2098453862231203844
2098456951705194886
2098457303062049254
2098457788380770574
2098458365957402953
2098458517854212408
2098460358654451763
2098460999015702850
2098464586722582636
2098464954311479510
2098465344805384631
2098465741225758771
2098466679747428805
2098467187857973603
2098468349214634181
2098468712227467723
2098469933059318150
2098470388539764788
2098470639183028628
2098470856196235368
2098471275945431420
2098471910145134925
2098472135463154048
2098472566943846633
2098474436332544170
2098497302688047186
2098498315700625488
2098500146120036555
2098500662589890659
2098501460015100077
2098502658285789415
2098503028680610139
2098504084034625562
2098504796768510217
2098505487025152056
2098506378105016755
2098507328278454764
2098507722509455576
2098509239039795359
2098509689008849056
2098516417670734068
2098516943435104644
2098522645314548220
2098522997959045382
2098523832747200849
2098524199014793611
2098524432616521956
2098524753145258203
2098524986868723868
2098525081945219569
2098525929957904693
2098527832649453898
2098528549191684360
2098529952907874548
2098530849855504401
2098531708567961917
2098545270229225825
2098547502966313165
2098548780035403843
2098549384958906860
2098550885244661859
2098552854361624783
2098553361226424681
2098554637016059974
2098555181478629608
2098557522411999616
2098713164653158702
2098724859970764843
2098725332790469070
2098727355959107774
2098735642561716548
2098739525488877680
2098740322981310504
2098740689886490951
2098741145798873524
2098742661813346722
2098745429970083967
2098790347098710324
2098791556115316972
2098792330467639429
2098792879741182057
2098793484018745753
2098794557320159646
2098795012687323249
2098795306800283650
2098795748707926377
2098796909414551900
2098798579187941463
2098861391092560243
2098862076525506955
2098862928279511073
2098864229012947350
2098864925296763055
2098865677419340010
2098866342459744301
2098867818410258785
2098870432476623305
2098871894015402226
2098872216695759032
2098873348260319483
2098880071645667728
2098880355461734682
2098882712966774997
2099193957896917300
2099194170262933844
2099195042753556557
2099195252296823030
2099195777314587007
2099197084742136156
2099197919232467268
2099203165316874503
2099205110106632289
2099208051114873228
2099215714049495220
2099216237242757542
2099217446225809528
2099218278384046438
2099218852772995082
2099219515267563752
2099222193477505532
2099223392826064966
2099224617642545421
2099225485658009978
2099226275395088805
2099228832138137653
2099230437147046346
2099233011174633543
2099233976745410889
2099234470335320192
2099234959504388415
2099235483565896122
2099236311559274985
